

repository (hashed)  total commits  my commits  LOC added by me  LOC deleted by me
         \                \                \           \___________  \
          \                \                \_____________________ \  \
           \                \___________________________________  \ \  \
____________\___________________________________________________\__\_\__\____
8876923f426519dfb2b28597f2c1a4d9236c48a4ba5d178b38b2aded75769463 1 1 203 0
82a59208ff7735761fb433011be58142233d7695fbf6198e52832050462c2c38 15 15 5613 1569
f8d6a79dc8c44df6e3a33d675f8f36840468effa7d755df9af5291caf0500f50 6 6 1148 138
3900cfc325c573f393ef0a8eaadfebd8e3683cb53d6f254f9ce9a16c3d4534fb 2 2 2269 13
840b922cd31a9fa931964c9b7b5ac82568c316f122320b22133d6a677bf4a556 2 2 455 150
af447f34307966596759cb83340e0ffb7b60192e7e2fcf67aaea3b7d6c7b1f36 6 5 12030 301
9dca1ad8f9c1cd07b1e31abc9533f56d37bed4d2c0b71473cca931cbf7b2cf7c 1 1 1616 0
2f2ba045950873f8260b6f10605498aef0558d961492d96a6a7525e6b6fd9a0f 3 3 20686 0
995bc3741da56568274345a0ca21becd437b29b2b8510fa7d15adf15f08e618e 59 6 1921 2112
7892bcbee2f38eed6ce9668299b71121ab8c2798bcaa404d9c96d206358de32d 10 10 7182 1171
9082b14cf84c295987d6f28207f504b1643455a0312aa4104573954db457b5f2 431 0 0 0
0b56bf11ce0f6380ce895de18ed3310c4503b0570a59bc1fcdd99ffccb83c84d 249 0 0 0
eb8939493ee4a5c0cea3b897f98b6fef25d7b42353b27f028fbfd46c46d9c8cb 820 0 0 0
0e6899ed08f43d1b8a1ba9a96250bb6ff743a6cee77b40ca484344e05810f709 627 53 19375 7458
65027173eedad82b918fe3383a96d02928d4617eaf1f0be54bdf6f8d441249ea 2 1 16830 0
92901063d501625c1a73fa3531a6bd75e3a8e233d3faaba41f4a70a06d1031e3 2 0 0 0
3a86b4106dd6525f00a0e0e382ecf8a590f0c952a4346af729ee872aa244d463 2 2 166930 3
5db4a5e3080218b8d609805250198c0b0099b7a20feb6ce6a27f1c321806807e 162 0 0 0
93b254943835bfb0cef99ab2e05ed07cf8a7d3b6623baa6298ff407783174ce7 21 20 9194 7823
4fd299b9ae7e34ce38c5e94378b12fd2dc27cb3cb5d82eab23dd9edfd339caf7 26 0 0 0
24d44aeb6a43c787917ec430744c24aa4dbdcfe455cd31ba4fb60471094113f9 5 0 0 0
eef863a1c0e78e3a3c5ded3cd28760180ae4684accb02fa5c3091fd0b0771325 5 0 0 0
aa3073d6f088559c40ea5c26122c0cf36853c47e862892e559748cafde1cd244 26 0 0 0
58a0ab0ed2b7f436ff4b92d8be276842a410d346aef72abe67a0724650377df7 22 0 0 0
1669c8ada09fc2e9cdb93c69bb6e3782bfbe13db678922d4b2b1eddf57fabedd 74 4 6798 5443
7989e10dbd1b9b013ec793cf06269bea0e0458b05e8ccf812215ad1240a9fb88 63 7 16097 5821
e179c923f8ce9ee13d47644f4b12b7936288a01b0a3549824926aeb29bd8c45f 2 0 0 0
80addefc2e78b4f66a5be71372636450aff5d087398880e43529d929b33d311a 126 0 0 0
1f1058945377db9a0ae530074d70b18a01ae00430e5b4390baef9699ce682c03 78 0 0 0
733091998e0ca9fb35e7cdae57210aeb7a27a4cd6a8fbdfc7a0bfc698000e75f 12 2 4539 320
4f5b5afb6ba1cb6beafca69ac6393a593474568a8f1cce8bc8efca9d7b1b8354 2 0 0 0
4d09ea623db870d33a8f8a71b5ea10849c8f724f38f054c010c69b5fca59885c 1 0 0 0
3fa07532394aff44297515e1eca7b1837ab798a908a86bd2b45b81b547e0e2b8 2 0 0 0
3adabf5f5dd725db26adba7ce28455a389aa7f18b46ca583625ab4df99223c81 126 0 0 0
186e61d0d2e51fc2ea8cb97cb9975cfbebf6e24787957c1ae19de811e2144583 8 7 1732 10
b48606ec4aabf46130150261f25cd86239fcc56d65702fc63454186e2b16940a 295 6 4786 983
96b6be39441e7becc2bb4db2014c36e1dd5f4fe45d04ac9052d37b1e35f39039 4 4 58619 45600
cc50a715555f2f67c4ff755a5dd787a9e1f753b86dd5491e206551babc4fe487 3 0 0 0
4792b3e0b8959eb781fa6c421d113b35b9bfd95b8dd9d7840cea440515f33545 1 1 1960 0
d426d0aef548a71fbe0fb6a48cd9df7f669fc1e41a2dd5491a76bc0f77ab8a90 1 1 10260 0
71c3ea382db972994e0613a7d6c5d6ef1ae76e7ecb54f021e7bcd2f3aa9b113e 30 0 0 0
52bfe268e07544301f82f3d719a093a32c5b2891bc876a8be4454edad8a5dce5 43 0 0 0
0619d2080b035557c52b59b56c794d42b5af37502b2c5f0d0d6eb996cba5e4ec 2 2 35545 4
fa2e20b67172756d1d83171ee33f5924f0254df467df49a860cebbb858844867 131 1 302 90
d80a2b3b5e42d07292cc04be99cfb3ad153c9d86055ec20aab2485d7e5de7ae5 2 2 17145 145
1cbcfc53e005ebe96e488ab33a9679fcea068f533a5b7ae262684ccb64f89247 3 0 0 0
2c04862585120452f0c173c09ce42b988c2403b8ea635b8a2aa6de08343e9d61 2 2 35180 638
9b88d01902790cbbff6cccda44e5e4e954fa948fa4b6e2e7f80d67254425bf14 3 3 18169 10643
874f9e6faa8959e304848f8082ebbf3f40f1a0d163fd88b07783c9d0eadd9165 1 1 15457 0
b70fad45dc04410c8223012f3f2601a40262b4b706c1137bce50a2b8cc387039 1 0 0 0
c0bf8e830b757fcc72a94d2e74132812497488733e557f746cf5ae5f47058fc3 227 4 1832 81
516a26136aaf61be97b5e579b804905944a70fabca12ab3d8a19d08913dca7c0 2 2 4462 0
fa9983c8046c998ac508fdaa3afeabf5d69b65c4f6955c5047da57c5d08833e5 252 16 1470 111
38391c6efefbb29862b3cc69f0ee77b8f2e6e389ff75b2cd0ab7aa29c223d58f 1 1 128 0
9e2c50cf214e4141d66790bb6e88d4b26159342d244d7aa7b12cc52f57fa8965 80 0 0 0
72a2e05c244258791e2182e064df73e0cec3535e0f809b8a441fcdae8377baa8 301 301 602 0
7298095cfdba303d7e9d1fe26486d4561f81902d04848163252d9a3f73ee9e5f 1 0 0 0
8c6402502e4af7b87355da627e3a5b34d1f189545cc734cd62189d68b0287638 180 3 2468 3519
34517a44018a9ae20f03bd5b314a1a9976e61f02399e88e90f6a1e59049346f3 61 7 4939 914
defe5b59c1cad07a38b44adad0d4ba6635fe8856c76f7e9a3dffbd4270b59c39 28 28 16769 7680
8fc92656a0b1070d7e7ed4dc62538dce47f2598f5c854bec49f3c8f292720e71 2 2 28924 14819
